SNMI = [0 0.5 1 1.5 2 2.5 3 3.5 4] ;
C = [0 0.1 0.2 0.3 0.4 0.5 0.6 0.7] ;

TOTAL_NPV_MOD0 = [413.0605826	395.9825589	381.4475566	368.9133236	358.0168743	348.498873	340.1652815	332.8658195	326.4809283	;
413.0605826	396.3762317	382.1618356	369.8955403	359.2270213	349.9054075	341.7426186	334.5927298	328.3394597	;
413.0605826	396.7705937	382.8783042	370.8817745	360.4431099	351.3197864	343.3296227	336.3310212	330.2109671	;
413.0605826	397.1656483	383.5969811	371.8720733	361.6652246	352.7421388	344.9264711	338.0809213	332.0957285	;
413.0605826	397.5613989	384.3178857	372.8664843	362.8934522	354.1725969	346.5333463	339.8426647	333.9940317	;
413.0605826	397.9578489	385.0410371	373.8650564	364.1278812	355.6112967	348.1504361	341.616494	335.9061746	;
413.0605826	398.3550016	385.766455	374.8678392	365.3686023	357.0583778	349.7779342	343.4026596	337.8324654	;
413.0605826	398.7528605	386.4941594	375.8748832	366.6157083	358.5139836	351.4160401	345.2014202	339.7732236	
] 

PREDATOR_NPV_MOD0=[297.0870963	296.9351898	296.6539656	296.3734767	296.1416351	295.9739315	295.8720156	295.8313396	295.844655	;
297.0870963	297.3307112	297.3724387	297.3609971	297.3567684	297.3839325	297.4503958	297.5562653	297.697842	;
297.0870963	297.727611	298.0953101	298.3566028	298.5838668	298.8097262	299.0482255	299.3040661	299.5770792	;
297.0870963	298.1258998	298.8226375	299.3604364	299.8231876	300.251705	300.6660412	301.0754312	301.4832107	;
297.0870963	298.525588	299.5544782	300.3726452	301.0749958	301.7102742	302.3044035	302.8710817	303.4171162	;
297.0870963	298.926684	300.2908922	301.3933775	302.339564	303.1858552	303.9638941	304.6917691	305.3797201	;
297.0870963	299.3292001	301.0319391	302.4227878	303.6171746	304.6788771	305.6451185	306.5382776	307.3719909	;
297.0870963	299.7331451	301.77768	303.4610318	304.908117	306.1897873	307.3487069	308.4114261	309.3949426	
]

PREY_NPV_MOD0=[115.9734863	99.04736911	84.79359099	72.53984686	61.87523919	52.52494147	44.29326594	37.03447995	30.63627334	;
115.9734863	99.04552049	84.78939687	72.5345432	61.87025296	52.52147505	44.2922228	37.03646454	30.64161772	;
115.9734863	99.04298273	84.78299412	72.52517166	61.85924304	52.51006021	44.28139728	37.02695513	30.63388792	;
115.9734863	99.03974852	84.77434368	72.51163683	61.84203705	52.49043371	44.26042991	37.00549006	30.61251783	;
115.9734863	99.03581095	84.76340748	72.4938391	61.81845641	52.46232267	44.22894279	36.97158305	30.57691556	;
115.9734863	99.03116484	84.75014488	72.47167888	61.7883172	52.42544148	44.18654204	36.92472487	30.52645447	;
115.9734863	99.02580155	84.73451593	72.44505141	61.75142773	52.37950073	44.1328157	36.86438202	30.46047443	;
115.9734863	99.0197154	84.71647941	72.41385134	61.70759128	52.32419628	44.06733315	36.7899942	30.37828107	
]

PREDATOR_HARVEST_MOD0=[1134.428128	1138.509573	1141.011626	1142.610495	1143.639231	1144.278965	1144.634872	1144.770903	1144.72673	;
1134.42806	1139.941929	1143.601154	1146.156313	1147.988227	1149.310446	1150.25118	1150.891289	1151.283226	;
1134.428053	1141.379695	1146.207756	1149.733243	1152.38291	1154.401831	1155.940796	1157.097393	1157.936772	;
1134.428053	1142.822903	1148.831657	1153.341856	1156.824298	1159.554659	1161.70583	1163.391897	1164.690624	;
1134.428053	1144.271594	1151.473097	1156.98273	1161.313442	1164.77053	1167.548469	1169.777599	1171.548188	;
1134.428052	1145.725827	1154.132313	1160.656467	1165.85143	1170.051086	1173.470991	1176.257423	1178.51305	;
1134.42808	1147.185626	1156.809548	1164.36368	1170.43938	1175.398054	1179.475771	1182.834432	1185.588957	;
1134.428053	1148.651051	1159.505051	1168.105004	1175.07845	1180.813265	1185.565286	1189.511826	1192.779849	
]

PREY_HARVEST_MOD0=[509.4440187	449.1672828	398.124196	353.7179147	314.3993819	279.1553822	247.2792232	218.254515	191.6903996	;
509.4439933	448.8652481	397.5421697	352.885794	313.3470905	277.9107559	245.8676323	216.6989601	190.0117357	;
509.4439806	448.5606637	396.9518095	352.0381436	312.2716356	276.6353739	244.4180458	215.0985423	188.2818691	;
509.443974	448.2534904	396.3529497	351.174628	311.1724085	275.3283055	242.9291304	213.4516023	186.4987263	;
509.4439724	447.9436873	395.7454713	350.2948805	310.0487535	273.9885647	241.399515	211.7563786	184.6602634	;
509.4439781	447.6312556	395.129206	349.3985587	308.900022	272.6151438	239.8277964	210.0110328	182.7641374	;
509.443899	447.316147	394.504039	348.4852702	307.7255076	271.2070418	238.2124769	208.2136455	180.8079942	;
509.443947	446.9983423	393.8698164	347.5546536	306.5245171	269.763034	236.552004	206.3622002	178.7893332	
]

PREDATOR_SSB_MOD0=[5000.268121	4888.314409	4813.549608	4762.668896	4728.40864	4706.423557	4693.947531	4689.130565	4690.697756	;
5000.269918	4893.998332	4823.273618	4775.425373	4743.517533	4723.393845	4712.403308	4708.770681	4711.270645	;
5000.270095	4899.704236	4833.062144	4788.293056	4758.782808	4740.561576	4731.09334	4728.677199	4732.138147	;
5000.270096	4905.432551	4842.916242	4801.273999	4774.207981	4757.931937	4750.024203	4748.858412	4753.310292	;
5000.270085	4911.183467	4852.836654	4814.370535	4789.796682	4775.510194	4769.203014	4769.323214	4774.797447	;
5000.270112	4916.956622	4862.824415	4827.584663	4805.552608	4793.302133	4788.637139	4790.080791	4796.61044	;
5000.269394	4922.752769	4872.880427	4840.918722	4821.479664	4811.312916	4808.334195	4811.140649	4818.760911	;
5000.270093	4928.571595	4883.0056	4854.374848	4837.581769	4829.547424	4828.302122	4832.512739	4841.260831	
]

PREY_SSB_MOD0=[1804.090201	1599.553668	1438.180241	1305.725494	1194.022557	1097.921499	1013.954101	939.6709508	873.2761493	;
1804.090526	1602.519867	1442.88418	1311.471466	1200.385414	1104.628703	1020.825811	946.586385	880.1537711	;
1804.090688	1605.50042	1447.629094	1317.285527	1206.840123	1111.447577	1027.824783	953.6415246	887.1803081	;
1804.090771	1608.495561	1452.415763	1323.168914	1213.388736	1118.380996	1034.955022	960.8409085	894.3611014	;
1804.090792	1611.505572	1457.244636	1329.122994	1220.033525	1125.432072	1042.220529	968.1893167	901.7012568	;
1804.090719	1614.530391	1462.116497	1335.149028	1226.776672	1132.603851	1049.62534	975.6917372	909.2068893	;
1804.091727	1617.570291	1467.03171	1341.248518	1233.620618	1139.89947	1057.173827	983.3533743	916.8839074	;
1804.091115	1620.625404	1471.99095	1347.422777	1240.567683	1147.32328	1064.870486	991.1796811	924.7386598	
]

PREDATOR_CPUE_MOD0=[2.542146906	2.42003559	2.338706354	2.283463204	2.246314964	2.222498067	2.208990086	2.203776163	2.205472412	;
2.542148869	2.423610762	2.344576248	2.290900536	2.25486187	2.231843915	2.218908241	2.214091075	2.216039668	;
2.542149063	2.427200169	2.35048572	2.29840292	2.263496546	2.24129631	2.228948443	2.22454018	2.226750836	;
2.542149064	2.430804207	2.356435503	2.305971566	2.272220977	2.250858098	2.239114022	2.235127615	2.23761088	;
2.542149052	2.43442301	2.362425984	2.313607957	2.28103721	2.26053211	2.249408737	2.245857953	2.248624862	;
2.542149082	2.438056107	2.368457858	2.321313193	2.289947309	2.270321646	2.25983646	2.256735852	2.259798015	;
2.542148297	2.441704243	2.374531673	2.329088708	2.298953495	2.280229223	2.270401157	2.267766077	2.27113615	;
2.542149061	2.445367	2.380647973	2.336935695	2.308057947	2.290256885	2.281106965	2.278953619	2.282645093	
]

