SNMI = [0 0.5 1 1.5 2 2.5 3 3.5 4] ;
C = [0 0.1 0.2 0.3 0.4 0.5 0.6 0.7] ;

TOTAL_NPV_MOD0 = [413.0605826	400.2575487	388.8727978	378.682362	369.5180819	361.2492986	353.7717509	347.0004473	340.8648802	;
413.0605826	400.7174085	389.7253773	379.8754646	371.0099434	363.0057399	355.7642833	349.204959	343.2606954	;
413.0605826	401.1782331	390.5811803	381.0747214	372.5112075	364.7749412	357.7729177	351.4288255	345.6789865	;
413.0605826	401.6400281	391.4402409	382.2802221	374.0220434	366.5571705	359.7980351	353.6725505	348.1203856	;
413.0605826	402.1027991	392.3025934	383.4920583	375.5426254	368.3527051	361.8400312	355.9366588	350.5855539	;
413.0605826	402.5665518	393.168273	384.7103236	377.0731326	370.1618317	363.8993169	358.2216978	353.075183	;
413.0605826	403.0312919	394.0373154	385.9351141	378.6137497	371.984847	365.9763194	360.5282386	355.5899972	;
413.0605826	403.4970251	394.9097568	387.1665281	380.1646668	373.8220581	368.071483	362.8568774	358.1307557	
] 

PREDATOR_NPV_MOD0=[297.0870963	297.0292032	296.9065112	296.7656619	296.6302611	296.5120109	296.416266	296.3448208	296.2974621	;
297.0870963	297.4913128	297.7657256	297.9700198	298.1374284	298.2869591	298.4295945	298.5715515	298.7161372	;
297.0870963	297.9553385	298.6313894	299.1867412	299.6635461	300.0876927	300.4755282	300.8375374	301.1804565	;
297.0870963	298.4212974	299.5036003	300.4160929	301.20913	301.9150308	302.5552357	303.1443243	303.692363	;
297.0870963	298.8892054	300.3824629	301.6583551	302.7747151	303.7698299	304.6699311	305.4935452	306.2539193	;
297.0870963	299.3590802	301.268082	302.9138167	304.3608579	305.6529853	306.8209355	307.8869279	308.8673195	;
297.0870963	299.8309389	302.1605669	304.1827757	305.9681367	307.5654338	309.0095844	310.3262977	311.5348928	;
297.0870963	300.304798	303.0600294	305.4655398	307.5971535	309.5081555	311.2373142	312.8135916	314.2591207	
]

PREY_NPV_MOD0=[115.9734863	103.2283455	91.96628667	81.91670018	72.88782074	64.73728766	57.35548492	50.65562651	44.56741814	;
115.9734863	103.2260957	91.95965167	81.90544479	72.87251497	64.71878085	57.33468883	50.63340749	44.54455824	;
115.9734863	103.2228946	91.94979094	81.88798029	72.84766139	64.68724854	57.29738953	50.5912881	44.49852997	;
115.9734863	103.2187307	91.93664059	81.86412922	72.81291347	64.64213974	57.24279941	50.52822613	44.42802261	;
115.9734863	103.2135937	91.92013048	81.83370316	72.76791029	64.58287524	57.1701001	50.4431136	44.33163462	;
115.9734863	103.2074716	91.90019102	81.79650689	72.71227473	64.50884642	57.07838137	50.33476988	44.2078635	;
115.9734863	103.200353	91.87674848	81.75233842	72.64561308	64.41941315	56.96673499	50.20194091	44.05510437	;
115.9734863	103.1922271	91.84972737	81.70098828	72.56751334	64.31390256	56.83416875	50.04328583	43.871635	
]

PREDATOR_HARVEST_MOD0=[1134.428052	1137.01191	1138.851735	1140.188898	1141.168754	1141.88425	1142.396874	1142.748851	1142.969889	;
1134.428052	1138.670723	1141.920817	1144.472416	1146.509092	1148.151831	1149.483471	1150.562779	1151.432533	;
1134.428056	1140.33707	1145.014931	1148.803638	1151.922051	1154.517521	1156.693321	1158.524177	1160.065629	;
1134.428153	1142.01101	1148.134537	1153.183699	1157.409669	1160.984559	1164.030984	1166.639064	1168.8767	;
1134.428106	1143.692627	1151.28007	1157.613716	1162.974096	1167.556335	1171.501369	1174.913817	1177.873743	;
1134.428127	1145.38198	1154.451994	1162.094851	1168.617549	1174.236403	1179.109398	1183.355182	1187.065255	;
1134.428126	1147.07915	1157.650749	1166.628302	1174.342343	1181.028486	1186.860528	1191.9703	1196.460305	;
1134.428159	1148.784211	1160.876788	1171.21531	1180.150895	1187.936446	1194.760403	1200.76679	1206.068563	
]

PREY_HARVEST_MOD0=[509.4439572	464.1131113	423.9152853	387.791859	355.0085888	325.0308173	297.4550253	271.9671585	248.3175448	;
509.4439615	463.7661333	423.2325975	386.7937931	353.7183351	323.4723128	295.6513821	269.9403687	246.0882705	;
509.4439813	463.4156409	422.5377933	385.7720271	352.3914685	321.8636102	293.7838721	267.8363305	243.7688402	;
509.4439316	463.0615586	421.8305862	384.7259282	351.0267932	320.202712	291.8497011	265.6512839	241.3545129	;
509.4440269	462.7038527	421.1106782	383.654867	349.6229276	318.4875279	289.8458179	263.3812134	238.8402345	;
509.444021	462.3424617	420.3778189	382.5581294	348.1785369	316.715857	287.7689711	261.0218611	236.2205838	;
509.4438999	461.9773376	419.6317695	381.4349873	346.6922037	314.8854045	285.6159346	258.5687535	233.4897776	;
509.4439726	461.608476	418.8722673	380.2846801	345.1624256	312.9938159	283.3830898	256.0169903	230.6416013	
]

PREDATOR_SSB_MOD0=[5000.270104	4930.681219	4878.400155	4838.737445	4808.666062	4786.114817	4769.626094	4758.13507	4750.845381	;
5000.270128	4937.616697	4890.764104	4855.480946	4829.014471	4809.479888	4795.545071	4786.234373	4780.815488	;
5000.270005	4944.584968	4903.23383	4872.415269	4849.64267	4833.212776	4821.914822	4814.861515	4811.383963	;
5000.267485	4951.58657	4915.809739	4889.54359	4870.558976	4857.325664	4848.75262	4844.038158	4842.577146	;
5000.268715	4958.621435	4928.493472	4906.870644	4891.771422	4881.831339	4876.073537	4873.787069	4874.423156	;
5000.268167	4965.69018	4941.285982	4924.401192	4913.288734	4906.743068	4903.901506	4904.132639	4906.952421	;
5000.268189	4972.792846	4954.189296	4942.140142	4935.119924	4932.074884	4932.252564	4935.100666	4940.19676	;
5000.267318	4979.929625	4967.205394	4960.092543	4957.274307	4957.842127	4961.148046	4966.718114	4974.190307	
]

PREY_SSB_MOD0=[1804.090985	1648.838233	1518.490801	1406.776453	1309.506876	1223.746092	1147.349713	1078.708208	1016.580078	;
1804.090931	1652.442041	1524.494516	1414.398046	1318.219905	1233.181839	1157.246632	1088.876922	1026.882266	;
1804.090679	1656.066486	1530.561468	1422.132042	1327.091318	1242.817495	1167.379502	1099.311887	1037.475811	;
1804.091312	1659.712133	1536.693343	1429.981139	1336.12533	1252.659962	1177.757072	1110.024369	1048.374141	;
1804.090097	1663.379152	1542.891708	1437.947665	1345.327387	1262.716412	1188.389761	1121.026431	1059.591473	;
1804.090172	1667.06794	1549.157773	1446.034546	1354.702331	1272.994403	1199.286995	1132.330726	1071.142919	;
1804.091716	1670.778799	1555.492463	1454.244713	1364.255384	1283.50171	1210.459433	1143.950383	1083.044627	;
1804.09079	1674.511561	1561.896904	1462.581251	1373.992143	1294.246002	1221.918527	1155.900097	1095.313867	
]

PREDATOR_CPUE_MOD0=[2.542149073	2.466201112	2.409240535	2.366085518	2.333400354	2.30890857	2.291011766	2.278544887	2.270638466	;
2.542149099	2.4708848	2.417401824	2.376923217	2.346345723	2.323547334	2.307029702	2.295696564	2.288725907	;
2.542148964	2.475591555	2.42563616	2.38788847	2.359473512	2.338421222	2.323330425	2.313173738	2.307176439	;
2.542146211	2.48032185	2.433943295	2.398982901	2.372789335	2.353538043	2.33992502	2.330989809	2.326005992	;
2.542147556	2.485075496	2.442324298	2.410209781	2.386298336	2.368906005	2.356821747	2.349158781	2.345231631	;
2.542146956	2.489853048	2.450779477	2.421572341	2.400006286	2.384533571	2.374038077	2.367695793	2.364872064	;
2.54214698	2.494654428	2.459310295	2.43307391	2.413919106	2.400429755	2.391582454	2.386616849	2.384946571	;
2.542146029	2.499479732	2.467918149	2.444717903	2.428042883	2.416604718	2.409468553	2.405938441	2.40547593	
]

