SNMI = [0 0.5 1 1.5 2 2.5 3 3.5 4] ;
C = [0 0.1 0.2 0.3 0.4 0.5 0.6 0.7] ;

TOTAL_NPV_MOD0 = [491.2335994	466.1210314	444.7007958	426.1070375	409.7857805	395.3528568	382.5267607	371.0927911	360.8821529	;
491.2335994	466.4739056	445.3384453	426.9813697	410.8607515	396.600334	383.9241157	372.6213859	362.5263322	;
491.2335994	466.8272073	445.9774437	427.8581651	411.9393522	397.8525897	385.3273452	374.1568819	364.1783643	;
491.2335994	467.1809381	446.6177989	428.7374431	413.0216175	399.1096767	386.7365214	375.6993718	365.8383627	;
491.2335994	467.5350993	447.2595187	429.6192232	414.1075825	400.3716487	388.1517182	377.2489503	367.5064429	;
491.2335994	467.8896923	447.902611	430.5035253	415.1972831	401.6385602	389.5730108	378.8057141	369.1827235	;
491.2335994	468.2447186	448.5470839	431.3903693	416.2907556	402.9104669	391.0004758	380.3697621	370.8673258	;
491.2335994	468.6001795	449.1929454	432.2797756	417.3880369	404.1874253	392.4341916	381.9411952	372.5603738	
] 

PREDATOR_NPV_MOD0=[297.0870963	296.7657181	296.173267	295.5714203	295.0504821	294.6389415	294.3408901	294.1502617	294.0571083	;
297.0870963	297.1207996	296.8158871	296.4520489	296.1314362	295.8907249	295.7397719	295.6767937	295.6950554	;
297.0870963	297.4767345	297.4612126	297.3376232	297.2196998	297.1521011	297.1504307	297.2171424	297.3487036	;
297.0870963	297.8335273	298.1092654	298.2282035	298.3153494	298.4232279	298.5730841	298.7715878	299.0183928	;
297.0870963	298.1911823	298.7600704	299.1238476	299.4185038	299.7042675	300.0079573	300.3404186	300.7044741	;
297.0870963	298.5497034	299.4136513	300.0246343	300.5292685	300.9953864	301.4552807	301.923929	302.4073136	;
297.0870963	298.9090945	300.0700333	300.9305763	301.6477592	302.2967565	302.9152906	303.5224249	304.127281	;
297.0870963	299.2693603	300.7292385	301.8417816	302.7740877	303.6085532	304.3882303	305.1362197	305.8647653	
]

PREY_NPV_MOD0=[194.1465032	169.3553133	148.5275287	130.5356171	114.7352984	100.7139154	88.18587057	76.9425294	66.82504465	;
194.1465032	169.353106	148.5225582	130.5293207	114.7293153	100.7096091	88.18434386	76.9445922	66.83127676	;
194.1465032	169.3504728	148.5162311	130.5205419	114.7196524	100.7004886	88.17691446	76.93973941	66.8296608	;
194.1465032	169.3474108	148.5085335	130.5092396	114.7062681	100.6864489	88.1634373	76.92778397	66.81996989	;
194.1465032	169.3439171	148.4994483	130.4953756	114.6890787	100.6673812	88.14376086	76.90853171	66.80196879	;
194.1465032	169.3399889	148.4889597	130.478891	114.6680146	100.6431738	88.11773008	76.88178516	66.77540999	;
194.1465032	169.3356241	148.4770506	130.459793	114.6429964	100.6137104	88.08518523	76.8473372	66.74004478	;
194.1465032	169.3308192	148.4637069	130.4379939	114.6139492	100.5788721	88.04596136	76.80497553	66.69560841	
]

PREDATOR_HARVEST_MOD0=[1134.428131	1140.188443	1143.509837	1145.57107	1146.901274	1147.769292	1148.323455	1148.650728	1148.803757	;
1134.428144	1141.462375	1145.802525	1148.700143	1150.729746	1152.190284	1153.251294	1154.015021	1154.545571	;
1134.428073	1142.73962	1148.105571	1151.847988	1154.585624	1156.647132	1158.222901	1159.430376	1160.345088	;
1134.428123	1144.020192	1150.419076	1155.014828	1158.469371	1161.140457	1163.23912	1164.897862	1166.203606	;
1134.428162	1145.304108	1152.74313	1158.200903	1162.381385	1165.670895	1168.300813	1170.418578	1172.122464	;
1134.428149	1146.591388	1155.07783	1161.406397	1166.322099	1170.239094	1173.408867	1175.99366	1178.103037	;
1134.428146	1147.88205	1157.423271	1164.631694	1170.291943	1174.845716	1178.564193	1181.624272	1184.146755	;
1134.428143	1149.17611	1159.77956	1167.876906	1174.291366	1179.491442	1183.767724	1187.311619	1190.255083	
]

PREY_HARVEST_MOD0=[522.3897842	464.9717674	416.989523	375.5101973	338.893211	306.107356	276.4509189	249.4198194	224.6362449	;
522.3898546	464.8284365	416.7074263	375.1018048	338.3724034	305.4872328	275.7439166	248.6373494	223.7888213	;
522.3897726	464.6841203	416.4221489	374.6875335	337.842665	304.8555347	275.0226643	247.8381005	222.9222777	;
522.3898571	464.5388107	416.1336586	374.2672907	337.3041317	304.2120248	274.2868163	247.0216426	222.0360944	;
522.3898045	464.3925008	415.841917	373.8409897	336.7565275	303.5564534	273.5360284	246.1875338	221.1297337	;
522.3897865	464.2451863	415.5468875	373.4084915	336.1996992	302.8885697	272.7699492	245.3353134	220.20262	;
522.3897822	464.0968632	415.2485321	372.969808	335.6334537	302.2081079	271.9882023	244.464509	219.2541899	;
522.3897839	463.9475221	414.9468254	372.5247531	335.0576252	301.5147939	271.1904213	243.5746312	218.2838306	
]

PREDATOR_SSB_MOD0=[5000.268046	4838.75121	4732.789745	4660.220904	4609.73702	4574.892483	4551.732382	4537.682621	4531.0118	;
5000.267697	4843.752071	4741.265277	4671.280145	4622.79789	4589.547648	4567.673666	4554.668701	4548.844314	;
5000.269557	4848.766342	4749.779821	4682.405659	4635.953009	4604.31938	4583.752416	4571.810631	4566.848762	;
5000.268256	4853.794156	4758.33349	4693.598478	4649.201343	4619.209535	4599.971177	4589.111685	4585.02895	;
5000.267234	4858.835613	4766.92678	4704.859251	4662.545288	4634.220075	4616.33273	4606.575324	4603.388842	;
5000.267566	4863.890715	4775.560029	4716.190827	4675.985965	4649.353064	4632.839878	4624.204869	4621.932807	;
5000.26765	4868.959439	4784.23369	4727.588773	4689.525177	4664.610704	4649.495462	4642.003997	4640.664841	;
5000.267738	4874.041949	4792.947823	4739.058951	4703.164256	4679.995237	4666.302504	4659.976363	4659.589566	
]

PREY_SSB_MOD0=[1614.691063	1426.016726	1279.29087	1159.792776	1059.51554	973.5616932	898.692916	832.6437441	773.7623366	;
1614.689838	1427.842574	1282.178026	1163.315224	1063.413639	977.6702196	902.9019086	836.8792096	777.9742762	;
1614.691264	1429.674438	1285.082038	1166.865577	1067.350413	981.8246043	907.163223	841.1721458	782.2475532	;
1614.689794	1431.512361	1288.003087	1170.444151	1071.324858	986.0256482	911.4779813	845.5237954	786.5835931	;
1614.690709	1433.356377	1290.941314	1174.051317	1075.338131	990.274195	915.8472161	849.9353999	790.9838551	;
1614.691023	1435.206501	1293.896884	1177.687283	1079.390809	994.5710569	920.2719877	854.4083324	795.4498614	;
1614.691098	1437.062748	1296.869946	1181.352955	1083.483565	998.9170951	924.7534805	858.9439147	799.9831692	;
1614.691069	1438.925174	1299.860606	1185.048106	1087.616995	1003.313204	929.2927576	863.5435551	804.5853916	
]

PREDATOR_CPUE_MOD0=[2.542146825	2.366100486	2.251063121	2.172501566	2.117961011	2.080372184	2.055413832	2.040283398	2.033102203	;
2.542146443	2.369216539	2.256098851	2.17881906	2.125177692	2.088242111	2.063761568	2.048978987	2.042042005	;
2.542148476	2.372341278	2.261158456	2.185174859	2.132447253	2.096173741	2.072179102	2.057750783	2.051063047	;
2.542147054	2.375474815	2.266241893	2.191569672	2.139767859	2.104167966	2.080667662	2.066600383	2.060167077	;
2.542145938	2.37861723	2.271349532	2.198003782	2.147141344	2.112225769	2.089228693	2.075529532	2.069355947	;
2.5421463	2.381768495	2.276481566	2.204479849	2.154568158	2.120348213	2.097863622	2.084539759	2.078631861	;
2.542146392	2.384928554	2.281638315	2.210992642	2.162049466	2.128536486	2.106573869	2.093632921	2.087996545	;
2.542146489	2.388097553	2.286819671	2.217548071	2.169585912	2.136791787	2.115361014	2.102810786	2.097452316	
]

