SNMI = [0 0.5 1 1.5 2 2.5 3 3.5 4];
C = [0 0.1 0.2 0.3 0.4 0.5 0.6 0.7];

TOTAL_NPV_MOD0 = [586.1788966	569.973283	556.0148974	543.8707549	533.2369228	523.8888939	515.654482	508.3977532	502.0088916	;
586.1788966	570.5574879	557.0798019	545.340183	535.0523041	526.0037207	518.0308888	511.0042793	504.8189518	;
586.1788966	571.1432163	558.1496011	546.8186654	536.8811586	528.1364227	520.4294105	513.6369246	507.6588679	;
586.1788966	571.7304793	559.2243581	548.3063615	538.7237769	530.2874456	522.8506633	516.2964841	510.5296163	;
586.1788966	572.319288	560.3041376	549.8034354	540.5804595	532.4572532	525.2952914	518.983792	513.4322248	;
586.1788966	572.9096536	561.3890054	551.3100558	542.4515174	534.646328	527.7639684	521.6997242	516.3677774	;
586.1788966	573.5015875	562.479029	552.8263962	544.337273	536.8551727	530.2573992	524.4452017	519.3374178	;
586.1788966	574.0951013	563.5742771	554.3526353	546.2380601	539.0843112	532.7763223	527.2211934	522.3423541	

] 

PREDATOR_NPV_MOD0=[470.2054103	470.1051422	469.9121383	469.712647	469.5419225	469.4130709	469.3289727	469.2876239	469.2846551	;
470.2054103	470.6922662	470.9844904	471.193043	471.370225	471.5413178	471.7181199	471.9053444	472.1038003	;
470.2054103	471.282438	472.0666942	472.6917264	473.2257987	473.7057842	474.1520992	474.5760218	474.9834703	;
470.2054103	471.8756896	473.1589409	474.2091839	475.1095316	475.9078369	476.6328008	477.3020953	477.9266622	;
470.2054103	472.4720537	474.2614262	475.7459197	477.0223528	478.1489155	479.1622298	480.0861675	480.9365876	;
470.2054103	473.0715645	475.3743543	477.3024585	478.9652348	480.430535	481.7425138	482.9310154	484.0166944	;
470.2054103	473.6742574	476.4979315	478.8793435	480.9391977	482.754298	484.3759141	485.8396083	487.1706836	;
470.2054103	474.2801657	477.6323724	480.4771399	482.9453098	485.1219078	487.0648363	488.8151273	490.4025437	

]

PREY_NPV_MOD0=[115.9734863	99.86814081	86.10275914	74.15810797	63.69500029	54.47582297	46.32550927	39.11012931	32.72423652	;
115.9734863	99.86522172	86.09531151	74.14714001	63.68207905	54.46240296	46.31276883	39.09893489	32.71515151	;
115.9734863	99.86077835	86.08290682	74.12693893	63.65535994	54.43063855	46.27731123	39.06090283	32.6753976	;
115.9734863	99.85478973	86.06541719	74.09717763	63.61424524	54.37960878	46.21786247	38.99438884	32.60295405	;
115.9734863	99.84723429	86.04271133	74.0575157	63.55810668	54.30833767	46.13306165	38.89762448	32.49563721	;
115.9734863	99.8380891	86.01465117	74.00759729	63.48628266	54.21579299	46.02145461	38.76870879	32.35108299	;
115.9734863	99.82733013	85.98109754	73.94705274	63.3980753	54.10087468	45.88148506	38.60559337	32.16673411	;
115.9734863	99.8149356	85.94190468	73.87549542	63.29275031	53.96240338	45.71148598	38.4060661	31.93981041	

]

PREDATOR_HARVEST_MOD0=[1145.425039	1147.329519	1148.546656	1149.348771	1149.879709	1150.221714	1150.424443	1150.519073	1150.525749	;
1145.42504	1148.73944	1151.108976	1152.871315	1154.213908	1155.249322	1156.049198	1156.661063	1157.117553	;
1145.424978	1150.157283	1153.696701	1156.440666	1158.617406	1160.368397	1161.786522	1162.935291	1163.859694	;
1145.425001	1151.583148	1156.310352	1160.058117	1163.092551	1165.582527	1167.641347	1169.348087	1170.759898	;
1145.425036	1153.017133	1158.950464	1163.725016	1167.641806	1170.895502	1173.618911	1175.906208	1177.826464	;
1145.424983	1154.459332	1161.617582	1167.44276	1172.267755	1176.311329	1179.724789	1182.616887	1185.06831	;
1145.424978	1155.909837	1164.312277	1171.212807	1176.973108	1181.834208	1185.964914	1189.48787	1192.495056	;
1145.425026	1157.368745	1167.035125	1175.036674	1181.760711	1187.468665	1192.345612	1196.527466	1200.117058	

]

PREY_HARVEST_MOD0=[509.4439965	452.3464309	403.2413395	360.1327135	321.7480407	287.2162805	255.9093452	227.3567425	201.1948145	;
509.4439694	451.9003237	402.3756087	358.8859003	320.1602298	285.3255271	253.7506907	224.9622069	198.5934761	;
509.4439708	451.44856	401.4911384	357.6038365	318.5193712	283.363801	251.5037152	222.4629019	195.8720363	;
509.4440298	450.99103	400.5874698	356.2853566	316.8232988	281.3277543	249.1638097	219.8528834	193.0231855	;
509.4439121	450.5276666	399.6641339	354.9292483	315.0697496	279.2138498	246.7260468	217.1257482	190.0390277	;
509.4439185	450.0583702	398.7206208	353.5342134	313.2563341	277.0183866	244.1851714	214.2746275	186.9110153	;
509.4439461	449.5830376	397.7564358	352.0989324	311.3805262	274.7374841	241.5355577	211.2921135	183.6298958	;
509.4440191	449.1016527	396.771059	350.6220009	309.4396819	272.3666545	238.7711773	208.1701896	180.1856276	

]

PREDATOR_SSB_MOD0=[4665.572942	4592.752131	4542.18188	4506.691112	4482.075354	4465.681558	4455.747045	4451.051478	4450.718799	;
4665.572905	4598.23769	4551.629448	4519.135396	4496.852964	4482.312014	4473.862982	4470.361164	4470.982422	;
4665.575181	4603.755622	4561.172076	4531.744566	4511.864346	4499.239397	4492.332433	4490.074416	4491.693225	;
4665.574342	4609.305917	4570.811589	4544.523316	4527.117474	4516.475457	4511.170959	4510.210559	4512.874273	;
4665.57305	4614.888697	4580.54977	4557.476499	4542.620644	4534.032454	4530.395097	4530.790383	4534.550394	;
4665.574992	4620.504325	4590.388909	4570.609184	4558.382563	4551.923062	4550.022384	4551.836004	4556.748476	;
4665.575156	4626.153328	4600.330766	4583.926528	4574.412451	4570.161801	4570.071519	4573.371183	4579.496914	;
4665.573427	4631.835898	4610.377619	4597.433883	4590.719906	4588.762852	4590.562404	4595.42159	4602.827103	

]

PREY_SSB_MOD0=[1804.090485	1610.194816	1454.35869	1325.07955	1215.356352	1120.596304	1037.621934	964.1427315	898.4578116	;
1804.09083	1614.631878	1461.469793	1333.828964	1225.095864	1130.903277	1048.213875	974.827035	909.102313	;
1804.090813	1619.101034	1468.673928	1342.734298	1235.04737	1141.469643	1059.10353	985.8392348	920.0977102	;
1804.090061	1623.60304	1475.973059	1351.799919	1245.218369	1152.306064	1070.304455	997.1956506	931.4628246	;
1804.09156	1628.13819	1483.369191	1361.030358	1255.616647	1163.42377	1081.831102	1008.913782	943.2178871	;
1804.091479	1632.707063	1490.864509	1370.430559	1266.250413	1174.834428	1093.698811	1021.012326	955.3846659	;
1804.091126	1637.310241	1498.461128	1380.00545	1277.128319	1186.549816	1105.923941	1033.511365	967.9867654	;
1804.090197	1641.947482	1506.161207	1389.760354	1288.259363	1198.584659	1118.523966	1046.432535	981.0494957	

]

PREDATOR_CPUE_MOD0=[2.178289152	2.099632655	2.045127883	2.006935825	1.980476367	1.962868525	1.952203764	1.947164488	1.946807493	;
2.178289112	2.102988126	2.050668089	2.013971145	1.988563601	1.971706942	1.961575124	1.956902725	1.956780059	;
2.178291573	2.106364356	2.056265408	2.021100482	1.996778592	1.980701138	1.971125012	1.96683768	1.966963362	;
2.178290666	2.109761175	2.061920887	2.028326579	2.005125726	1.989857325	1.980861309	1.976978749	1.977368271	;
2.178289268	2.113178553	2.067635501	2.03565226	2.01360953	1.999181905	1.990792392	1.987336123	1.988006519	;
2.178291369	2.116616714	2.073410745	2.043080487	2.022234762	2.008681348	2.000927115	1.997920569	1.998890927	;
2.178291546	2.120076057	2.079247515	2.050614219	2.031006501	2.018363725	2.011274935	2.008743699	2.010034691	;
2.178289676	2.123556626	2.085147234	2.058256516	2.039929996	2.028236205	2.021845898	2.019818154	2.021452874	

]

